PADDLE 100 560
BALL 142.695 264.77 100 250
BRICKS 48
0 60 1
83.5 60 1
167 60 1
250.5 60 1
334 60 1
417.5 60 1
501 60 1
584.5 60 1
668 60 1
751.5 60 1
835 60 1
918.5 60 1
0 82 2
83.5 82 2
167 82 2
250.5 82 2
334 82 2
417.5 82 2
501 82 2
584.5 82 2
668 82 2
751.5 82 2
835 82 2
918.5 82 2
0 104 2
83.5 104 2
167 104 2
250.5 104 2
334 104 2
417.5 104 2
501 104 2
584.5 104 2
668 104 2
751.5 104 2
835 104 2
918.5 104 2
0 126 2
83.5 126 1
167 126 2
250.5 126 1
334 126 2
417.5 126 2
501 126 2
584.5 126 2
668 126 2
751.5 126 2
835 126 2
918.5 126 2
